=== Alpha = 1.7 ===
=== Iteration Count = 150===
=== Mesh Length = 1.0mm ===
=== Initial Guess = 50===
=== Max Error = 0.007012107366351827 at location (23,2) ===
000.00 000.00 000.00 000.00 000.00 000.00 000.00 000.00 000.00 000.00 000.00 000.00 000.00 000.00 000.00 000.00 000.00 000.00 000.00 000.00 000.00 000.00 000.00 000.00 000.00 000.00 000.00 000.00 000.00 000.00 000.00 000.00 000.00 000.00 000.00 000.00 000.00 000.00 000.00 000.00 000.00 000.00 000.00 000.00 000.00 000.00 
000.00 000.00 -000.00 000.00 000.00 000.00 000.00 000.00 000.00 000.01 000.01 000.02 000.04 000.06 000.12 000.20 000.35 000.59 000.95 001.43 002.06 002.86 003.89 005.17 006.79 008.74 010.98 013.34 015.50 017.10 018.09 018.54 018.54 018.08 017.08 015.47 013.30 010.91 008.64 006.65 004.99 003.63 002.51 001.58 000.76 000.00 
000.00 000.00 000.00 000.00 000.00 000.00 000.00 000.00 000.01 000.01 000.02 000.03 000.06 000.11 000.19 000.35 000.62 001.07 001.77 002.72 003.94 005.50 007.50 010.03 013.23 017.18 021.84 026.88 031.55 034.81 036.70 037.55 037.54 036.69 034.78 031.50 026.80 021.71 017.00 012.97 009.67 007.01 004.84 003.03 001.46 000.00 
000.00 000.00 000.00 000.00 000.00 000.00 000.00 000.00 000.01 000.01 000.02 000.03 000.06 000.11 000.20 000.38 000.70 001.30 002.33 003.72 005.48 007.71 010.56 014.22 018.93 024.92 032.31 040.81 049.02 053.87 056.37 057.40 057.40 056.35 053.84 048.96 040.70 032.14 024.67 018.57 013.73 009.89 006.81 004.26 002.05 000.00 
000.00 000.00 000.00 000.00 000.00 000.00 000.00 000.00 000.01 000.01 000.01 000.02 000.04 000.07 000.13 000.25 000.51 001.09 002.54 004.36 006.56 009.31 012.81 017.36 023.34 031.26 041.69 055.01 069.83 075.30 077.49 078.30 078.29 077.48 075.28 069.78 054.90 041.49 030.96 022.92 016.77 012.01 008.24 005.15 002.47 000.00 
000.00 -000.00 000.00 000.00 000.00 000.00 000.00 000.00 000.01 000.00 000.00 000.00 000.00 000.00 000.00 000.00 000.00 000.00 002.39 004.62 007.11 010.14 014.01 019.06 025.83 035.09 048.17 067.73 100.00 100.00 100.00 100.00 100.00 100.00 100.00 100.00 067.62 047.96 034.76 025.37 018.43 013.15 009.00 005.61 002.70 000.00 
000.00 000.00 000.00 000.00 000.00 000.00 000.00 000.00 000.01 000.00 000.00 000.00 000.00 000.00 000.00 000.00 000.00 000.00 002.39 004.62 007.11 010.14 014.00 019.06 025.83 035.09 048.17 067.73 100.00 100.00 100.00 100.00 100.00 100.00 100.00 100.00 067.62 047.96 034.76 025.37 018.43 013.15 009.00 005.61 002.70 000.00 
000.00 000.00 000.00 000.00 000.00 000.00 000.00 000.00 000.01 000.01 000.01 000.02 000.04 000.07 000.13 000.25 000.51 001.09 002.54 004.36 006.57 009.31 012.81 017.36 023.35 031.26 041.69 055.01 069.83 075.30 077.49 078.30 078.29 077.48 075.28 069.78 054.90 041.49 030.96 022.92 016.77 012.01 008.24 005.15 002.47 000.00 
000.00 000.00 000.00 000.00 000.00 000.00 000.00 000.00 000.01 000.01 000.02 000.03 000.06 000.11 000.20 000.38 000.70 001.30 002.33 003.72 005.48 007.71 010.56 014.22 018.93 024.92 032.31 040.81 049.01 053.87 056.37 057.40 057.40 056.35 053.84 048.96 040.70 032.14 024.67 018.57 013.73 009.89 006.81 004.26 002.05 000.00 
000.00 -000.00 000.00 000.00 000.00 000.00 000.00 000.00 000.01 000.01 000.02 000.03 000.06 000.11 000.19 000.35 000.62 001.07 001.76 002.71 003.94 005.50 007.49 010.03 013.23 017.18 021.84 026.88 031.55 034.80 036.70 037.55 037.54 036.69 034.78 031.50 026.80 021.71 017.00 012.97 009.67 007.01 004.84 003.03 001.46 000.00 
000.00 000.00 000.00 000.00 000.00 000.00 000.00 000.00 000.00 000.01 000.01 000.02 000.04 000.06 000.11 000.20 000.35 000.59 000.95 001.43 002.06 002.86 003.88 005.17 006.79 008.74 010.98 013.34 015.50 017.10 018.09 018.54 018.54 018.08 017.08 015.47 013.30 010.91 008.64 006.65 004.99 003.63 002.51 001.58 000.76 000.00 
000.00 000.00 000.00 000.00 000.00 000.00 000.00 000.00 000.00 000.00 000.00 000.00 000.00 000.00 000.00 000.00 000.00 000.00 000.00 000.00 000.00 000.00 000.00 000.00 000.00 000.00 000.00 000.00 000.00 000.00 000.00 000.00 000.00 000.00 000.00 000.00 000.00 000.00 000.00 000.00 000.00 000.00 000.00 000.00 000.00 000.00 
