=== Alpha = 1.5 ===
=== Iteration Count = 527===
=== Mesh Length = 0.5mm ===
=== Initial Guess = 50===
=== Max Error = 0.009491719203888138 at location (43,10) ===
000.00 000.00 000.00 000.00 000.00 000.00 000.00 000.00 000.00 000.00 000.00 000.00 000.00 000.00 000.00 000.00 000.00 000.00 000.00 000.00 000.00 000.00 000.00 000.00 000.00 000.00 000.00 000.00 000.00 000.00 000.00 000.00 000.00 000.00 000.00 000.00 000.00 000.00 000.00 000.00 000.00 000.00 000.00 000.00 000.00 000.00 000.00 000.00 000.00 000.00 000.00 000.00 000.00 000.00 000.00 000.00 000.00 000.00 000.00 000.00 000.00 000.00 000.00 000.00 000.00 000.00 000.00 000.00 000.00 000.00 000.00 000.00 000.00 000.00 000.00 000.00 000.00 000.00 000.00 000.00 000.00 000.00 000.00 000.00 000.00 000.00 000.00 000.00 000.00 000.00 000.00 000.00 
000.00 000.00 000.01 000.01 000.02 000.02 000.02 000.02 000.02 000.02 000.02 000.02 000.02 000.02 000.02 000.02 000.02 000.02 000.02 000.01 000.01 000.02 000.02 000.02 000.02 000.03 000.04 000.05 000.07 000.09 000.12 000.16 000.20 000.26 000.33 000.42 000.52 000.63 000.76 000.91 001.08 001.27 001.49 001.72 001.99 002.29 002.63 003.00 003.42 003.87 004.37 004.89 005.44 006.01 006.57 007.11 007.60 008.04 008.42 008.72 008.95 009.10 009.20 009.23 009.20 009.10 008.94 008.71 008.41 008.04 007.60 007.10 006.56 005.99 005.42 004.86 004.33 003.83 003.37 002.94 002.56 002.21 001.89 001.61 001.35 001.12 000.90 000.70 000.52 000.34 000.17 000.00 
000.00 000.01 000.02 000.02 000.03 000.03 000.04 000.04 000.04 000.04 000.04 000.04 000.04 000.04 000.04 000.04 000.03 000.03 000.03 000.03 000.03 000.03 000.03 000.04 000.05 000.06 000.08 000.10 000.13 000.17 000.23 000.30 000.39 000.51 000.65 000.82 001.02 001.25 001.51 001.81 002.14 002.52 002.94 003.42 003.95 004.55 005.22 005.97 006.79 007.70 008.70 009.76 010.88 012.02 013.16 014.26 015.26 016.16 016.90 017.51 017.96 018.27 018.46 018.52 018.46 018.27 017.96 017.50 016.90 016.14 015.25 014.23 013.13 011.98 010.83 009.70 008.62 007.62 006.69 005.84 005.07 004.38 003.75 003.19 002.68 002.21 001.79 001.39 001.02 000.67 000.33 000.00 
000.00 000.01 000.02 000.03 000.04 000.05 000.05 000.06 000.06 000.06 000.06 000.06 000.06 000.06 000.05 000.05 000.05 000.04 000.04 000.04 000.04 000.04 000.04 000.05 000.06 000.08 000.10 000.14 000.18 000.24 000.32 000.43 000.56 000.73 000.94 001.19 001.48 001.83 002.22 002.66 003.16 003.71 004.34 005.05 005.84 006.73 007.73 008.84 010.08 011.45 012.95 014.57 016.28 018.04 019.80 021.49 023.04 024.41 025.54 026.44 027.11 027.58 027.84 027.93 027.84 027.57 027.11 026.43 025.53 024.39 023.02 021.46 019.75 017.98 016.21 014.48 012.85 011.33 009.93 008.66 007.51 006.48 005.55 004.71 003.96 003.27 002.64 002.06 001.51 000.99 000.49 000.00 
000.00 000.02 000.03 000.04 000.05 000.06 000.07 000.07 000.08 000.08 000.08 000.08 000.08 000.07 000.07 000.06 000.06 000.05 000.05 000.05 000.05 000.05 000.05 000.06 000.07 000.10 000.12 000.16 000.22 000.29 000.39 000.52 000.69 000.91 001.18 001.51 001.90 002.35 002.87 003.45 004.10 004.84 005.66 006.59 007.63 008.80 010.11 011.59 013.24 015.07 017.09 019.28 021.62 024.05 026.50 028.86 031.02 032.88 034.41 035.60 036.47 037.07 037.41 037.52 037.41 037.06 036.47 035.59 034.40 032.86 030.99 028.82 026.44 023.98 021.53 019.17 016.95 014.91 013.04 011.35 009.84 008.47 007.25 006.16 005.16 004.26 003.44 002.68 001.97 001.29 000.64 000.00 
000.00 000.02 000.03 000.05 000.06 000.07 000.08 000.09 000.09 000.09 000.10 000.09 000.09 000.09 000.08 000.07 000.07 000.06 000.06 000.05 000.05 000.05 000.05 000.06 000.08 000.10 000.13 000.17 000.23 000.32 000.43 000.57 000.77 001.03 001.36 001.76 002.25 002.81 003.45 004.17 004.97 005.87 006.87 008.00 009.28 010.71 012.33 014.16 016.21 018.51 021.05 023.85 026.87 030.05 033.28 036.42 039.28 041.70 043.62 045.08 046.12 046.81 047.21 047.33 047.20 046.81 046.11 045.07 043.61 041.67 039.25 036.38 033.22 029.96 026.76 023.71 020.89 018.30 015.97 013.88 012.00 010.33 008.83 007.49 006.28 005.18 004.18 003.26 002.39 001.57 000.78 000.00 
000.00 000.02 000.04 000.06 000.07 000.08 000.09 000.10 000.10 000.11 000.11 000.10 000.10 000.10 000.09 000.08 000.07 000.07 000.06 000.05 000.05 000.05 000.05 000.06 000.08 000.10 000.13 000.17 000.23 000.31 000.42 000.58 000.79 001.08 001.46 001.94 002.52 003.19 003.95 004.79 005.73 006.78 007.95 009.27 010.76 012.44 014.34 016.50 018.93 021.68 024.76 028.19 031.95 035.99 040.17 044.27 047.98 051.01 053.30 054.96 056.11 056.85 057.27 057.40 057.27 056.85 056.10 054.95 053.29 050.98 047.94 044.22 040.10 035.89 031.83 028.04 024.57 021.45 018.66 016.17 013.96 012.00 010.25 008.68 007.28 006.01 004.84 003.77 002.77 001.82 000.90 000.00 
000.00 000.02 000.04 000.06 000.08 000.09 000.10 000.11 000.11 000.12 000.12 000.11 000.11 000.10 000.10 000.09 000.08 000.07 000.06 000.05 000.04 000.04 000.05 000.05 000.06 000.08 000.11 000.15 000.20 000.27 000.37 000.52 000.73 001.03 001.45 002.01 002.70 003.48 004.35 005.32 006.38 007.56 008.88 010.37 012.05 013.94 016.10 018.55 021.34 024.52 028.12 032.20 036.76 041.78 047.13 052.51 057.36 061.04 063.62 065.36 066.50 067.22 067.61 067.74 067.61 067.22 066.50 065.35 063.60 061.02 057.33 052.45 047.05 041.67 036.62 032.03 027.91 024.26 021.03 018.19 015.67 013.45 011.48 009.72 008.14 006.71 005.41 004.21 003.09 002.03 001.01 000.00 
000.00 000.02 000.04 000.06 000.08 000.09 000.10 000.11 000.12 000.12 000.12 000.12 000.12 000.11 000.10 000.09 000.08 000.07 000.06 000.05 000.04 000.03 000.03 000.04 000.05 000.06 000.08 000.11 000.15 000.20 000.28 000.40 000.58 000.86 001.29 001.97 002.78 003.68 004.66 005.73 006.90 008.20 009.65 011.27 013.10 015.18 017.55 020.26 023.36 026.92 031.01 035.71 041.11 047.24 054.06 061.26 067.92 072.18 074.77 076.35 077.33 077.91 078.22 078.32 078.22 077.91 077.32 076.35 074.76 072.16 067.89 061.21 053.98 047.13 040.96 035.53 030.78 026.64 023.02 019.86 017.09 014.65 012.49 010.57 008.85 007.30 005.88 004.58 003.36 002.21 001.09 000.00 
000.00 000.02 000.05 000.06 000.08 000.10 000.11 000.12 000.12 000.13 000.13 000.12 000.12 000.11 000.10 000.09 000.08 000.07 000.05 000.04 000.02 000.02 000.02 000.02 000.02 000.03 000.04 000.06 000.08 000.11 000.15 000.22 000.33 000.52 000.90 001.78 002.76 003.79 004.88 006.04 007.30 008.68 010.22 011.95 013.90 016.12 018.66 021.56 024.91 028.78 033.28 038.54 044.71 052.00 060.61 070.57 080.87 085.00 086.93 087.96 088.54 088.88 089.05 089.11 089.05 088.87 088.54 087.95 086.92 084.98 080.85 070.52 060.53 051.89 044.56 038.34 033.04 028.49 024.56 021.15 018.17 015.56 013.26 011.22 009.39 007.74 006.24 004.85 003.56 002.34 001.16 000.00 
000.00 000.02 000.05 000.07 000.08 000.10 000.11 000.12 000.12 000.13 000.13 000.12 000.12 000.11 000.10 000.09 000.08 000.07 000.05 000.03 000.00 000.00 000.00 000.00 000.00 000.00 000.00 000.00 000.00 000.00 000.00 000.00 000.00 000.00 000.00 001.47 002.70 003.85 005.02 006.24 007.56 009.00 010.61 012.40 014.44 016.75 019.39 022.43 025.93 030.01 034.79 040.44 047.20 055.45 065.81 079.53 100.00 100.00 100.00 100.00 100.00 100.00 100.00 100.00 100.00 100.00 100.00 100.00 100.00 100.00 100.00 079.49 065.73 055.33 047.04 040.24 034.54 029.71 025.57 022.00 018.89 016.17 013.77 011.64 009.75 008.03 006.47 005.04 003.70 002.43 001.20 000.00 
000.00 000.02 000.05 000.06 000.08 000.10 000.11 000.12 000.12 000.13 000.13 000.12 000.12 000.11 000.10 000.09 000.08 000.06 000.05 000.03 000.00 000.00 000.00 000.00 000.00 000.00 000.00 000.00 000.00 000.00 000.00 000.00 000.00 000.00 000.00 001.42 002.69 003.89 005.09 006.34 007.69 009.16 010.79 012.62 014.68 017.03 019.72 022.81 026.38 030.54 035.43 041.23 048.21 056.79 067.63 081.75 100.00 100.00 100.00 100.00 100.00 100.00 100.00 100.00 100.00 100.00 100.00 100.00 100.00 100.00 100.00 081.71 067.56 056.67 048.04 041.02 035.17 030.23 026.01 022.37 019.21 016.44 014.00 011.84 009.91 008.17 006.59 005.13 003.76 002.47 001.22 000.00 
000.00 000.02 000.04 000.06 000.08 000.09 000.10 000.11 000.12 000.12 000.12 000.12 000.12 000.11 000.10 000.09 000.08 000.06 000.05 000.03 000.00 000.00 000.00 000.00 000.00 000.00 000.00 000.00 000.00 000.00 000.00 000.00 000.00 000.00 000.00 001.51 002.76 003.93 005.11 006.35 007.68 009.14 010.76 012.58 014.64 016.97 019.64 022.70 026.24 030.35 035.15 040.82 047.60 055.86 066.19 079.83 100.00 100.00 100.00 100.00 100.00 100.00 100.00 100.00 100.00 100.00 100.00 100.00 100.00 100.00 100.00 079.79 066.11 055.74 047.44 040.62 034.89 030.04 025.87 022.27 019.13 016.38 013.96 011.81 009.89 008.15 006.57 005.12 003.75 002.46 001.22 000.00 
000.00 000.02 000.04 000.06 000.08 000.09 000.10 000.11 000.11 000.12 000.12 000.12 000.11 000.11 000.10 000.09 000.08 000.07 000.05 000.04 000.03 000.02 000.02 000.03 000.03 000.04 000.06 000.07 000.10 000.13 000.18 000.26 000.38 000.58 000.97 001.88 002.89 003.95 005.06 006.25 007.54 008.96 010.54 012.31 014.31 016.58 019.16 022.12 025.52 029.45 034.00 039.31 045.53 052.85 061.46 071.38 081.59 085.70 087.64 088.67 089.27 089.61 089.79 089.85 089.79 089.61 089.26 088.67 087.63 085.68 081.56 071.32 061.37 052.72 045.37 039.10 033.75 029.14 025.16 021.69 018.66 016.00 013.64 011.55 009.67 007.98 006.43 005.01 003.68 002.41 001.20 000.00 
000.00 000.02 000.04 000.06 000.07 000.08 000.09 000.10 000.11 000.11 000.11 000.11 000.11 000.10 000.09 000.09 000.08 000.07 000.06 000.05 000.04 000.04 000.05 000.05 000.06 000.08 000.11 000.14 000.19 000.25 000.34 000.47 000.67 000.96 001.42 002.13 002.97 003.91 004.93 006.05 007.27 008.62 010.12 011.81 013.71 015.86 018.31 021.09 024.28 027.92 032.10 036.88 042.35 048.54 055.40 062.63 069.28 073.56 076.18 077.79 078.78 079.39 079.71 079.81 079.71 079.38 078.78 077.78 076.16 073.54 069.24 062.57 055.32 048.42 042.19 036.68 031.85 027.63 023.92 020.68 017.82 015.30 013.06 011.06 009.27 007.65 006.17 004.81 003.53 002.32 001.15 000.00 
000.00 000.02 000.04 000.05 000.06 000.08 000.09 000.09 000.10 000.10 000.10 000.10 000.10 000.09 000.09 000.08 000.07 000.07 000.06 000.06 000.05 000.06 000.06 000.07 000.09 000.11 000.15 000.19 000.25 000.34 000.46 000.62 000.85 001.18 001.63 002.23 002.96 003.79 004.71 005.73 006.86 008.11 009.51 011.08 012.85 014.84 017.10 019.66 022.57 025.86 029.58 033.77 038.44 043.56 048.99 054.44 059.35 063.09 065.72 067.51 068.69 069.44 069.85 069.98 069.85 069.44 068.69 067.50 065.70 063.06 059.31 054.38 048.91 043.44 038.29 033.58 029.35 025.58 022.23 019.27 016.64 014.31 012.23 010.37 008.70 007.18 005.80 004.52 003.32 002.18 001.08 000.00 
000.00 000.02 000.03 000.05 000.06 000.07 000.08 000.08 000.09 000.09 000.09 000.09 000.09 000.08 000.08 000.08 000.07 000.07 000.06 000.06 000.06 000.06 000.07 000.09 000.11 000.13 000.17 000.23 000.30 000.40 000.53 000.70 000.94 001.26 001.68 002.21 002.84 003.57 004.39 005.30 006.32 007.46 008.73 010.15 011.75 013.56 015.59 017.89 020.47 023.36 026.60 030.18 034.09 038.26 042.57 046.79 050.60 053.72 056.10 057.84 059.04 059.83 060.27 060.41 060.27 059.82 059.03 057.82 056.08 053.69 050.56 046.72 042.48 038.15 033.94 030.00 026.38 023.10 020.16 017.52 015.17 013.06 011.18 009.49 007.97 006.58 005.32 004.14 003.04 002.00 000.99 000.00 
000.00 000.01 000.03 000.04 000.05 000.06 000.07 000.07 000.08 000.08 000.08 000.08 000.08 000.07 000.07 000.07 000.06 000.06 000.06 000.06 000.06 000.07 000.08 000.09 000.11 000.14 000.19 000.24 000.32 000.42 000.55 000.72 000.95 001.25 001.62 002.08 002.63 003.25 003.97 004.77 005.66 006.66 007.79 009.04 010.46 012.04 013.82 015.82 018.05 020.53 023.27 026.26 029.46 032.83 036.24 039.54 042.54 045.09 047.14 048.69 049.81 050.56 050.99 051.13 050.99 050.55 049.80 048.67 047.11 045.06 042.50 039.48 036.16 032.72 029.33 026.09 023.07 020.29 017.77 015.49 013.44 011.59 009.94 008.44 007.09 005.87 004.74 003.69 002.71 001.78 000.88 000.00 
000.00 000.01 000.02 000.03 000.04 000.05 000.06 000.06 000.06 000.07 000.07 000.07 000.07 000.06 000.06 000.06 000.06 000.05 000.05 000.05 000.06 000.06 000.07 000.09 000.11 000.14 000.18 000.24 000.31 000.40 000.53 000.69 000.89 001.15 001.47 001.86 002.32 002.85 003.45 004.13 004.89 005.75 006.71 007.78 008.98 010.33 011.83 013.51 015.38 017.43 019.68 022.11 024.68 027.34 030.01 032.58 034.94 036.98 038.66 039.97 040.95 041.61 042.00 042.13 042.00 041.61 040.94 039.96 038.63 036.95 034.89 032.53 029.94 027.25 024.57 021.97 019.51 017.23 015.13 013.23 011.50 009.94 008.53 007.25 006.10 005.05 004.08 003.18 002.34 001.54 000.76 000.00 
000.00 000.01 000.02 000.03 000.03 000.04 000.04 000.05 000.05 000.05 000.05 000.05 000.05 000.05 000.05 000.05 000.05 000.05 000.05 000.05 000.05 000.06 000.07 000.08 000.10 000.13 000.16 000.21 000.28 000.36 000.47 000.61 000.78 001.00 001.26 001.57 001.95 002.37 002.86 003.41 004.03 004.73 005.51 006.38 007.36 008.45 009.66 011.02 012.51 014.15 015.92 017.82 019.81 021.86 023.89 025.84 027.64 029.22 030.54 031.60 032.39 032.95 033.27 033.37 033.27 032.94 032.39 031.58 030.52 029.19 027.60 025.80 023.83 021.78 019.72 017.70 015.78 013.98 012.31 010.78 009.39 008.13 006.98 005.95 005.00 004.14 003.35 002.61 001.92 001.26 000.63 000.00 
000.00 000.01 000.01 000.02 000.03 000.03 000.03 000.04 000.04 000.04 000.04 000.04 000.04 000.04 000.04 000.04 000.04 000.04 000.04 000.04 000.04 000.05 000.05 000.07 000.08 000.11 000.14 000.17 000.23 000.29 000.38 000.49 000.62 000.79 000.99 001.23 001.51 001.83 002.20 002.62 003.09 003.62 004.21 004.88 005.62 006.44 007.36 008.38 009.50 010.72 012.03 013.43 014.89 016.37 017.85 019.26 020.56 021.71 022.69 023.48 024.09 024.51 024.76 024.84 024.75 024.50 024.08 023.47 022.68 021.69 020.53 019.22 017.80 016.32 014.82 013.34 011.93 010.59 009.34 008.20 007.15 006.20 005.33 004.54 003.82 003.17 002.56 002.00 001.47 000.97 000.48 000.00 
000.00 000.00 000.01 000.01 000.02 000.02 000.02 000.02 000.03 000.03 000.03 000.03 000.03 000.03 000.03 000.02 000.02 000.02 000.02 000.03 000.03 000.03 000.04 000.05 000.06 000.07 000.10 000.12 000.16 000.21 000.27 000.34 000.43 000.54 000.68 000.84 001.03 001.25 001.50 001.78 002.09 002.45 002.85 003.29 003.79 004.35 004.96 005.64 006.39 007.19 008.06 008.98 009.94 010.91 011.86 012.78 013.63 014.38 015.03 015.55 015.96 016.24 016.41 016.47 016.41 016.24 015.95 015.55 015.02 014.37 013.61 012.76 011.83 010.87 009.89 008.92 007.99 007.11 006.28 005.52 004.82 004.18 003.60 003.07 002.58 002.14 001.73 001.35 000.99 000.65 000.32 000.00 
000.00 000.00 000.00 000.01 000.01 000.01 000.01 000.01 000.01 000.01 000.01 000.01 000.01 000.01 000.01 000.01 000.01 000.01 000.01 000.01 000.01 000.02 000.02 000.02 000.03 000.04 000.05 000.06 000.08 000.11 000.14 000.17 000.22 000.28 000.35 000.43 000.52 000.63 000.76 000.90 001.06 001.24 001.44 001.66 001.91 002.19 002.50 002.84 003.21 003.61 004.04 004.50 004.97 005.45 005.92 006.37 006.79 007.17 007.49 007.75 007.95 008.09 008.18 008.20 008.18 008.09 007.95 007.74 007.48 007.16 006.78 006.36 005.91 005.43 004.95 004.47 004.01 003.57 003.16 002.77 002.42 002.10 001.81 001.54 001.30 001.08 000.87 000.68 000.50 000.33 000.16 000.00 
000.00 000.00 000.00 000.00 000.00 000.00 000.00 000.00 000.00 000.00 000.00 000.00 000.00 000.00 000.00 000.00 000.00 000.00 000.00 000.00 000.00 000.00 000.00 000.00 000.00 000.00 000.00 000.00 000.00 000.00 000.00 000.00 000.00 000.00 000.00 000.00 000.00 000.00 000.00 000.00 000.00 000.00 000.00 000.00 000.00 000.00 000.00 000.00 000.00 000.00 000.00 000.00 000.00 000.00 000.00 000.00 000.00 000.00 000.00 000.00 000.00 000.00 000.00 000.00 000.00 000.00 000.00 000.00 000.00 000.00 000.00 000.00 000.00 000.00 000.00 000.00 000.00 000.00 000.00 000.00 000.00 000.00 000.00 000.00 000.00 000.00 000.00 000.00 000.00 000.00 000.00 000.00 
