=== Alpha = 1.0 ===
=== Iteration Count = 418===
=== Mesh Length = 0.5mm ===
=== Initial Guess = 50===
=== Max Error = 0.009840278769820188 at location (44,11) ===
000.00 000.00 000.00 000.00 000.00 000.00 000.00 000.00 000.00 000.00 000.00 000.00 000.00 000.00 000.00 000.00 000.00 000.00 000.00 000.00 000.00 000.00 000.00 000.00 000.00 000.00 000.00 000.00 000.00 000.00 000.00 000.00 000.00 000.00 000.00 000.00 000.00 000.00 000.00 000.00 000.00 000.00 000.00 000.00 000.00 000.00 000.00 000.00 000.00 000.00 000.00 000.00 000.00 000.00 000.00 000.00 000.00 000.00 000.00 000.00 000.00 000.00 000.00 000.00 000.00 000.00 000.00 000.00 000.00 000.00 000.00 000.00 000.00 000.00 000.00 000.00 000.00 000.00 000.00 000.00 000.00 000.00 000.00 000.00 000.00 000.00 000.00 000.00 000.00 000.00 000.00 000.00 
000.00 000.01 000.02 000.03 000.04 000.05 000.05 000.06 000.06 000.06 000.07 000.07 000.07 000.06 000.06 000.06 000.05 000.05 000.04 000.04 000.04 000.03 000.03 000.03 000.04 000.04 000.05 000.06 000.08 000.10 000.13 000.17 000.22 000.28 000.35 000.44 000.55 000.67 000.80 000.96 001.13 001.32 001.54 001.78 002.05 002.35 002.68 003.06 003.47 003.92 004.41 004.93 005.48 006.04 006.60 007.13 007.63 008.06 008.43 008.73 008.96 009.11 009.21 009.24 009.21 009.11 008.95 008.72 008.42 008.05 007.61 007.11 006.57 006.01 005.44 004.89 004.36 003.86 003.40 002.97 002.59 002.24 001.92 001.64 001.38 001.14 000.92 000.72 000.53 000.35 000.17 000.00 
000.00 000.02 000.04 000.06 000.08 000.09 000.10 000.11 000.12 000.13 000.13 000.13 000.13 000.12 000.12 000.11 000.10 000.09 000.08 000.07 000.07 000.06 000.06 000.06 000.07 000.08 000.09 000.12 000.15 000.19 000.25 000.33 000.42 000.54 000.69 000.87 001.08 001.31 001.58 001.89 002.23 002.62 003.04 003.52 004.06 004.66 005.33 006.07 006.90 007.80 008.79 009.84 010.95 012.09 013.22 014.31 015.31 016.19 016.93 017.53 017.98 018.29 018.47 018.53 018.47 018.29 017.97 017.52 016.92 016.17 015.28 014.27 013.17 012.03 010.88 009.75 008.68 007.68 006.75 005.90 005.14 004.44 003.81 003.24 002.73 002.26 001.83 001.42 001.05 000.69 000.34 000.00 
000.00 000.03 000.06 000.09 000.11 000.13 000.15 000.17 000.18 000.19 000.19 000.19 000.19 000.18 000.17 000.16 000.15 000.13 000.12 000.11 000.10 000.09 000.08 000.09 000.09 000.11 000.13 000.16 000.21 000.27 000.35 000.46 000.60 000.78 001.00 001.26 001.57 001.92 002.33 002.78 003.29 003.86 004.49 005.20 006.00 006.89 007.89 009.00 010.23 011.60 013.09 014.69 016.39 018.13 019.88 021.56 023.10 024.46 025.58 026.47 027.14 027.60 027.87 027.95 027.86 027.59 027.13 026.46 025.56 024.42 023.06 021.50 019.81 018.04 016.28 014.56 012.93 011.41 010.02 008.75 007.61 006.57 005.64 004.80 004.03 003.34 002.70 002.10 001.55 001.02 000.50 000.00 
000.00 000.04 000.08 000.11 000.14 000.17 000.19 000.21 000.23 000.24 000.24 000.24 000.24 000.23 000.22 000.20 000.19 000.17 000.15 000.13 000.12 000.11 000.10 000.10 000.11 000.13 000.15 000.19 000.25 000.32 000.43 000.56 000.74 000.97 001.25 001.60 002.01 002.48 003.01 003.61 004.28 005.02 005.86 006.79 007.83 009.01 010.32 011.79 013.44 015.26 017.26 019.44 021.76 024.18 026.60 028.95 031.09 032.94 034.46 035.64 036.51 037.10 037.43 037.54 037.43 037.09 036.49 035.62 034.43 032.90 031.04 028.87 026.51 024.06 021.62 019.27 017.06 015.02 013.16 011.47 009.96 008.59 007.37 006.26 005.26 004.35 003.52 002.74 002.02 001.33 000.66 000.00 
000.00 000.05 000.09 000.13 000.17 000.20 000.23 000.26 000.28 000.29 000.29 000.29 000.29 000.28 000.26 000.24 000.22 000.20 000.17 000.15 000.13 000.12 000.11 000.11 000.12 000.13 000.16 000.21 000.27 000.35 000.47 000.62 000.83 001.10 001.44 001.87 002.38 002.96 003.62 004.36 005.18 006.09 007.11 008.25 009.53 010.97 012.59 014.41 016.45 018.73 021.26 024.04 027.04 030.20 033.41 036.53 039.36 041.77 043.68 045.12 046.15 046.84 047.23 047.36 047.23 046.83 046.14 045.10 043.64 041.72 039.30 036.44 033.30 030.06 026.87 023.83 021.02 018.44 016.11 014.02 012.15 010.47 008.97 007.62 006.40 005.29 004.27 003.33 002.45 001.61 000.80 000.00 
000.00 000.05 000.10 000.15 000.20 000.23 000.27 000.29 000.32 000.33 000.34 000.34 000.33 000.32 000.30 000.27 000.25 000.22 000.19 000.16 000.13 000.12 000.11 000.11 000.11 000.13 000.16 000.20 000.26 000.34 000.46 000.62 000.85 001.15 001.55 002.06 002.66 003.36 004.14 005.01 005.97 007.04 008.23 009.56 011.05 012.74 014.64 016.78 019.21 021.94 025.00 028.41 032.14 036.15 040.31 044.38 048.07 051.08 053.36 055.01 056.14 056.88 057.29 057.42 057.29 056.87 056.13 054.98 053.32 051.03 048.00 044.29 040.18 036.00 031.95 028.17 024.72 021.61 018.82 016.34 014.13 012.16 010.41 008.83 007.42 006.13 004.95 003.86 002.84 001.86 000.92 000.00 
000.00 000.06 000.12 000.17 000.22 000.26 000.30 000.33 000.35 000.36 000.37 000.37 000.36 000.35 000.33 000.30 000.27 000.23 000.19 000.16 000.13 000.11 000.10 000.09 000.10 000.11 000.13 000.17 000.22 000.30 000.41 000.56 000.78 001.10 001.54 002.13 002.85 003.67 004.57 005.56 006.65 007.85 009.19 010.69 012.37 014.27 016.42 018.87 021.65 024.80 028.39 032.44 036.97 041.96 047.28 052.62 057.45 061.11 063.67 065.40 066.54 067.25 067.64 067.76 067.63 067.24 066.52 065.38 063.64 061.06 057.38 052.53 047.15 041.79 036.76 032.17 028.07 024.43 021.22 018.37 015.86 013.64 011.66 009.89 008.30 006.85 005.53 004.31 003.17 002.08 001.03 000.00 
000.00 000.06 000.12 000.18 000.23 000.28 000.32 000.35 000.38 000.39 000.40 000.40 000.39 000.37 000.35 000.32 000.28 000.24 000.19 000.15 000.11 000.08 000.07 000.07 000.07 000.08 000.10 000.13 000.17 000.22 000.31 000.43 000.62 000.91 001.37 002.08 002.93 003.87 004.89 005.99 007.19 008.51 009.98 011.62 013.46 015.54 017.90 020.60 023.69 027.23 031.30 035.97 041.33 047.43 054.21 061.37 068.00 072.24 074.81 076.38 077.35 077.93 078.24 078.34 078.24 077.93 077.34 076.37 074.79 072.20 067.94 061.28 054.08 047.25 041.10 035.69 030.96 026.83 023.22 020.07 017.30 014.85 012.68 010.75 009.02 007.45 006.01 004.69 003.44 002.26 001.12 000.00 
000.00 000.07 000.13 000.19 000.25 000.29 000.34 000.37 000.40 000.41 000.42 000.42 000.41 000.39 000.36 000.33 000.29 000.24 000.19 000.13 000.07 000.05 000.04 000.04 000.04 000.04 000.05 000.07 000.09 000.12 000.17 000.24 000.35 000.55 000.95 001.88 002.91 003.99 005.12 006.31 007.60 009.01 010.58 012.32 014.28 016.50 019.03 021.93 025.26 029.11 033.58 038.81 044.95 052.19 060.76 070.67 080.92 085.03 086.95 087.97 088.55 088.89 089.06 089.11 089.06 088.88 088.55 087.96 086.94 085.00 080.88 070.58 060.62 052.01 044.71 038.51 033.23 028.69 024.77 021.37 018.39 015.78 013.47 011.41 009.57 007.90 006.38 004.97 003.65 002.40 001.19 000.00 
000.00 000.07 000.13 000.20 000.25 000.30 000.35 000.38 000.41 000.42 000.43 000.43 000.42 000.40 000.37 000.34 000.29 000.24 000.18 000.10 000.00 000.00 000.00 000.00 000.00 000.00 000.00 000.00 000.00 000.00 000.00 000.00 000.00 000.00 000.00 001.56 002.84 004.05 005.26 006.52 007.88 009.35 010.97 012.79 014.83 017.14 019.78 022.81 026.30 030.36 035.11 040.72 047.44 055.64 065.95 079.61 100.00 100.00 100.00 100.00 100.00 100.00 100.00 100.00 100.00 100.00 100.00 100.00 100.00 100.00 100.00 079.54 065.82 055.46 047.20 040.41 034.74 029.92 025.79 022.22 019.11 016.39 013.98 011.85 009.93 008.20 006.62 005.16 003.79 002.49 001.23 000.00 
000.00 000.07 000.14 000.20 000.25 000.31 000.35 000.38 000.41 000.43 000.44 000.44 000.43 000.41 000.38 000.34 000.30 000.24 000.17 000.10 000.00 000.00 000.00 000.00 000.00 000.00 000.00 000.00 000.00 000.00 000.00 000.00 000.00 000.00 000.00 001.50 002.84 004.09 005.34 006.63 008.01 009.51 011.16 013.01 015.08 017.43 020.12 023.20 026.75 030.89 035.75 041.51 048.45 056.98 067.78 081.83 100.00 100.00 100.00 100.00 100.00 100.00 100.00 100.00 100.00 100.00 100.00 100.00 100.00 100.00 100.00 081.76 067.65 056.79 048.20 041.20 035.37 030.45 026.24 022.60 019.44 016.67 014.22 012.05 010.10 008.34 006.73 005.25 003.85 002.53 001.25 000.00 
000.00 000.07 000.13 000.20 000.25 000.30 000.35 000.38 000.41 000.43 000.43 000.43 000.42 000.40 000.38 000.34 000.30 000.24 000.18 000.10 000.00 000.00 000.00 000.00 000.00 000.00 000.00 000.00 000.00 000.00 000.00 000.00 000.00 000.00 000.00 001.60 002.91 004.13 005.36 006.64 008.01 009.50 011.14 012.98 015.04 017.38 020.04 023.09 026.61 030.70 035.47 041.11 047.85 056.06 066.34 079.91 100.00 100.00 100.00 100.00 100.00 100.00 100.00 100.00 100.00 100.00 100.00 100.00 100.00 100.00 100.00 079.84 066.21 055.87 047.60 040.80 035.09 030.25 026.09 022.50 019.36 016.61 014.18 012.02 010.08 008.32 006.72 005.24 003.85 002.53 001.25 000.00 
000.00 000.07 000.13 000.19 000.25 000.29 000.34 000.37 000.40 000.41 000.42 000.42 000.41 000.40 000.37 000.34 000.30 000.25 000.20 000.14 000.08 000.06 000.05 000.05 000.05 000.06 000.07 000.09 000.11 000.15 000.20 000.28 000.41 000.62 001.03 001.99 003.05 004.16 005.31 006.54 007.86 009.31 010.91 012.70 014.70 016.97 019.55 022.50 025.89 029.79 034.32 039.59 045.77 053.05 061.61 071.48 081.65 085.74 087.66 088.69 089.28 089.63 089.81 089.86 089.80 089.62 089.28 088.68 087.65 085.71 081.60 071.39 061.47 052.86 045.52 039.28 033.95 029.35 025.38 021.92 018.89 016.22 013.85 011.75 009.86 008.14 006.58 005.13 003.77 002.47 001.23 000.00 
000.00 000.06 000.12 000.18 000.23 000.28 000.32 000.35 000.38 000.40 000.40 000.41 000.40 000.38 000.36 000.33 000.29 000.25 000.21 000.16 000.13 000.10 000.09 000.09 000.10 000.11 000.13 000.17 000.21 000.28 000.38 000.52 000.72 001.03 001.52 002.26 003.15 004.12 005.18 006.33 007.58 008.95 010.48 012.18 014.09 016.24 018.68 021.46 024.63 028.25 032.41 037.16 042.59 048.74 055.57 062.75 069.37 073.63 076.23 077.82 078.82 079.41 079.74 079.84 079.73 079.41 078.80 077.80 076.20 073.58 069.30 062.65 055.42 048.55 042.35 036.86 032.05 027.83 024.14 020.89 018.04 015.51 013.26 011.26 009.45 007.81 006.31 004.92 003.62 002.38 001.18 000.00 
000.00 000.06 000.12 000.17 000.22 000.26 000.30 000.33 000.36 000.37 000.38 000.38 000.37 000.36 000.34 000.31 000.28 000.25 000.21 000.18 000.15 000.13 000.13 000.13 000.13 000.15 000.18 000.23 000.29 000.38 000.51 000.68 000.92 001.26 001.74 002.37 003.14 004.00 004.95 006.00 007.16 008.43 009.85 011.43 013.21 015.20 017.46 020.01 022.90 026.18 029.87 034.04 038.68 043.76 049.16 054.57 059.46 063.17 065.78 067.56 068.74 069.48 069.88 070.01 069.88 069.47 068.72 067.54 065.75 063.12 059.38 054.47 049.02 043.57 038.44 033.75 029.53 025.77 022.43 019.47 016.85 014.51 012.42 010.55 008.87 007.33 005.93 004.62 003.40 002.23 001.11 000.00 
000.00 000.05 000.11 000.16 000.20 000.24 000.27 000.30 000.32 000.34 000.35 000.35 000.34 000.33 000.31 000.29 000.27 000.24 000.21 000.19 000.16 000.15 000.14 000.15 000.16 000.18 000.22 000.27 000.35 000.45 000.58 000.77 001.02 001.36 001.80 002.35 003.01 003.77 004.62 005.56 006.60 007.76 009.04 010.48 012.08 013.89 015.92 018.21 020.78 023.66 026.87 030.43 034.31 038.45 042.73 046.92 050.71 053.81 056.18 057.90 059.09 059.87 060.31 060.45 060.30 059.86 059.07 057.87 056.13 053.75 050.63 046.82 042.59 038.28 034.09 030.16 026.55 023.28 020.34 017.71 015.36 013.25 011.36 009.66 008.12 006.72 005.43 004.24 003.12 002.05 001.02 000.00 
000.00 000.05 000.09 000.14 000.18 000.21 000.24 000.27 000.29 000.30 000.31 000.31 000.31 000.30 000.28 000.26 000.24 000.22 000.20 000.18 000.16 000.15 000.15 000.16 000.17 000.20 000.23 000.29 000.37 000.47 000.61 000.79 001.03 001.35 001.74 002.22 002.79 003.44 004.18 005.00 005.91 006.93 008.07 009.33 010.75 012.34 014.12 016.10 018.32 020.79 023.51 026.48 029.66 033.00 036.39 039.67 042.65 045.18 047.21 048.75 049.86 050.61 051.03 051.17 051.03 050.59 049.84 048.72 047.17 045.13 042.57 039.57 036.26 032.84 029.47 026.24 023.23 020.46 017.94 015.66 013.61 011.76 010.10 008.60 007.23 005.99 004.84 003.78 002.78 001.83 000.91 000.00 
000.00 000.04 000.08 000.12 000.15 000.18 000.21 000.23 000.25 000.26 000.27 000.27 000.26 000.26 000.25 000.23 000.21 000.20 000.18 000.17 000.15 000.15 000.15 000.15 000.17 000.19 000.23 000.28 000.36 000.46 000.59 000.76 000.97 001.25 001.58 001.99 002.47 003.02 003.64 004.34 005.11 005.98 006.95 008.03 009.24 010.58 012.09 013.76 015.62 017.66 019.90 022.31 024.86 027.50 030.15 032.70 035.03 037.06 038.73 040.03 041.00 041.66 042.04 042.16 042.04 041.65 040.98 040.00 038.69 037.01 034.96 032.61 030.04 027.36 024.69 022.10 019.65 017.37 015.28 013.37 011.64 010.08 008.67 007.38 006.22 005.15 004.17 003.26 002.40 001.57 000.78 000.00 
000.00 000.03 000.07 000.10 000.12 000.15 000.17 000.19 000.20 000.21 000.22 000.22 000.22 000.21 000.20 000.19 000.18 000.17 000.15 000.14 000.13 000.13 000.13 000.14 000.15 000.17 000.21 000.26 000.32 000.41 000.52 000.67 000.85 001.08 001.35 001.68 002.07 002.51 003.02 003.58 004.21 004.92 005.71 006.59 007.57 008.66 009.88 011.22 012.71 014.33 016.10 017.98 019.96 021.99 024.01 025.94 027.72 029.29 030.60 031.65 032.44 032.99 033.31 033.41 033.30 032.98 032.42 031.63 030.57 029.24 027.66 025.87 023.91 021.87 019.81 017.81 015.89 014.09 012.43 010.90 009.51 008.24 007.10 006.05 005.10 004.23 003.42 002.67 001.97 001.29 000.64 000.00 
000.00 000.03 000.05 000.07 000.09 000.11 000.13 000.14 000.15 000.16 000.17 000.17 000.17 000.16 000.16 000.15 000.14 000.13 000.12 000.11 000.11 000.10 000.11 000.11 000.12 000.14 000.17 000.21 000.26 000.33 000.42 000.54 000.68 000.85 001.06 001.31 001.61 001.94 002.32 002.75 003.23 003.77 004.37 005.04 005.78 006.61 007.52 008.54 009.65 010.86 012.17 013.56 015.00 016.48 017.94 019.34 020.63 021.77 022.74 023.53 024.12 024.54 024.79 024.87 024.78 024.53 024.11 023.51 022.71 021.74 020.58 019.28 017.86 016.38 014.89 013.42 012.01 010.68 009.44 008.29 007.24 006.29 005.42 004.62 003.90 003.23 002.62 002.05 001.51 000.99 000.49 000.00 
000.00 000.02 000.03 000.05 000.06 000.08 000.09 000.10 000.10 000.11 000.11 000.11 000.11 000.11 000.10 000.10 000.09 000.09 000.08 000.08 000.07 000.07 000.07 000.08 000.09 000.10 000.12 000.15 000.19 000.23 000.30 000.37 000.47 000.59 000.73 000.90 001.10 001.32 001.58 001.87 002.19 002.55 002.95 003.40 003.90 004.46 005.07 005.75 006.49 007.29 008.16 009.07 010.02 010.98 011.93 012.84 013.68 014.42 015.06 015.58 015.98 016.27 016.43 016.49 016.43 016.26 015.97 015.57 015.04 014.40 013.64 012.79 011.87 010.91 009.94 008.98 008.05 007.17 006.34 005.58 004.88 004.24 003.65 003.12 002.63 002.18 001.77 001.38 001.02 000.67 000.33 000.00 
000.00 000.01 000.02 000.02 000.03 000.04 000.04 000.05 000.05 000.05 000.06 000.06 000.06 000.05 000.05 000.05 000.05 000.04 000.04 000.04 000.04 000.04 000.04 000.04 000.05 000.05 000.06 000.08 000.10 000.12 000.15 000.19 000.24 000.30 000.37 000.46 000.56 000.67 000.80 000.94 001.11 001.29 001.49 001.71 001.97 002.24 002.55 002.89 003.26 003.66 004.09 004.54 005.01 005.49 005.95 006.40 006.82 007.19 007.50 007.76 007.96 008.10 008.19 008.21 008.19 008.10 007.96 007.76 007.49 007.17 006.80 006.38 005.93 005.45 004.97 004.50 004.04 003.60 003.19 002.81 002.46 002.13 001.84 001.57 001.33 001.10 000.89 000.70 000.51 000.34 000.17 000.00 
000.00 000.00 000.00 000.00 000.00 000.00 000.00 000.00 000.00 000.00 000.00 000.00 000.00 000.00 000.00 000.00 000.00 000.00 000.00 000.00 000.00 000.00 000.00 000.00 000.00 000.00 000.00 000.00 000.00 000.00 000.00 000.00 000.00 000.00 000.00 000.00 000.00 000.00 000.00 000.00 000.00 000.00 000.00 000.00 000.00 000.00 000.00 000.00 000.00 000.00 000.00 000.00 000.00 000.00 000.00 000.00 000.00 000.00 000.00 000.00 000.00 000.00 000.00 000.00 000.00 000.00 000.00 000.00 000.00 000.00 000.00 000.00 000.00 000.00 000.00 000.00 000.00 000.00 000.00 000.00 000.00 000.00 000.00 000.00 000.00 000.00 000.00 000.00 000.00 000.00 000.00 000.00 
