=== Alpha = 1.7 ===
=== Iteration Count = 588===
=== Mesh Length = 0.5mm ===
=== Initial Guess = 50===
=== Max Error = 0.009342035344278798 at location (42,9) ===
000.00 000.00 000.00 000.00 000.00 000.00 000.00 000.00 000.00 000.00 000.00 000.00 000.00 000.00 000.00 000.00 000.00 000.00 000.00 000.00 000.00 000.00 000.00 000.00 000.00 000.00 000.00 000.00 000.00 000.00 000.00 000.00 000.00 000.00 000.00 000.00 000.00 000.00 000.00 000.00 000.00 000.00 000.00 000.00 000.00 000.00 000.00 000.00 000.00 000.00 000.00 000.00 000.00 000.00 000.00 000.00 000.00 000.00 000.00 000.00 000.00 000.00 000.00 000.00 000.00 000.00 000.00 000.00 000.00 000.00 000.00 000.00 000.00 000.00 000.00 000.00 000.00 000.00 000.00 000.00 000.00 000.00 000.00 000.00 000.00 000.00 000.00 000.00 000.00 000.00 000.00 000.00 
000.00 000.00 000.01 000.01 000.01 000.01 000.01 000.01 000.01 000.01 000.01 000.01 000.01 000.01 000.01 000.01 000.01 000.01 000.01 000.01 000.01 000.01 000.01 000.02 000.02 000.03 000.04 000.05 000.07 000.09 000.12 000.15 000.20 000.26 000.33 000.41 000.51 000.63 000.76 000.90 001.07 001.26 001.47 001.71 001.98 002.28 002.62 002.99 003.40 003.86 004.35 004.88 005.43 006.00 006.56 007.10 007.60 008.04 008.41 008.71 008.94 009.10 009.20 009.23 009.20 009.10 008.94 008.71 008.41 008.04 007.59 007.09 006.55 005.99 005.42 004.86 004.32 003.82 003.36 002.93 002.55 002.20 001.88 001.60 001.34 001.11 000.90 000.70 000.51 000.34 000.17 000.00 
000.00 000.01 000.01 000.01 000.02 000.02 000.02 000.02 000.02 000.02 000.02 000.02 000.02 000.02 000.02 000.02 000.02 000.02 000.02 000.02 000.02 000.02 000.03 000.03 000.04 000.05 000.07 000.10 000.13 000.17 000.23 000.30 000.39 000.50 000.64 000.81 001.00 001.23 001.49 001.79 002.12 002.49 002.92 003.39 003.92 004.52 005.19 005.94 006.77 007.68 008.67 009.74 010.86 012.00 013.15 014.24 015.25 016.15 016.90 017.50 017.96 018.27 018.46 018.52 018.46 018.27 017.95 017.50 016.89 016.14 015.24 014.23 013.12 011.97 010.82 009.69 008.61 007.60 006.67 005.82 005.06 004.36 003.74 003.17 002.66 002.20 001.77 001.38 001.02 000.67 000.33 000.00 
000.00 000.01 000.01 000.02 000.02 000.03 000.03 000.03 000.03 000.03 000.03 000.03 000.03 000.03 000.02 000.02 000.02 000.02 000.02 000.02 000.02 000.03 000.03 000.04 000.06 000.08 000.10 000.13 000.18 000.24 000.32 000.42 000.55 000.72 000.92 001.17 001.46 001.80 002.19 002.63 003.12 003.68 004.30 005.01 005.80 006.69 007.69 008.80 010.05 011.42 012.92 014.54 016.25 018.01 019.78 021.47 023.03 024.39 025.53 026.43 027.11 027.57 027.84 027.93 027.84 027.57 027.10 026.43 025.52 024.38 023.01 021.45 019.74 017.97 016.19 014.46 012.83 011.30 009.91 008.63 007.49 006.45 005.53 004.69 003.93 003.25 002.62 002.04 001.50 000.98 000.49 000.00 
000.00 000.01 000.02 000.02 000.03 000.03 000.04 000.04 000.04 000.04 000.04 000.04 000.03 000.03 000.03 000.03 000.03 000.03 000.02 000.03 000.03 000.03 000.04 000.05 000.07 000.09 000.12 000.16 000.21 000.29 000.38 000.51 000.68 000.89 001.16 001.49 001.87 002.32 002.83 003.41 004.06 004.79 005.61 006.53 007.57 008.74 010.06 011.54 013.19 015.03 017.05 019.24 021.58 024.02 026.47 028.83 031.00 032.87 034.40 035.59 036.47 037.06 037.41 037.52 037.40 037.06 036.46 035.59 034.39 032.85 030.98 028.80 026.43 023.96 021.51 019.14 016.92 014.88 013.01 011.32 009.80 008.44 007.22 006.12 005.14 004.24 003.42 002.66 001.95 001.28 000.64 000.00 
000.00 000.01 000.02 000.03 000.03 000.04 000.04 000.04 000.04 000.04 000.04 000.04 000.04 000.04 000.03 000.03 000.03 000.03 000.03 000.03 000.03 000.03 000.04 000.05 000.07 000.09 000.13 000.17 000.23 000.31 000.42 000.56 000.76 001.01 001.34 001.74 002.22 002.78 003.41 004.12 004.92 005.81 006.81 007.94 009.21 010.65 012.27 014.10 016.15 018.45 021.00 023.80 026.83 030.01 033.25 036.40 039.26 041.68 043.61 045.07 046.11 046.80 047.20 047.33 047.20 046.80 046.11 045.06 043.60 041.66 039.23 036.36 033.20 029.94 026.73 023.68 020.85 018.27 015.93 013.83 011.96 010.29 008.79 007.45 006.24 005.15 004.16 003.23 002.37 001.56 000.77 000.00 
000.00 000.01 000.02 000.03 000.04 000.04 000.05 000.05 000.05 000.05 000.05 000.05 000.04 000.04 000.04 000.03 000.03 000.03 000.03 000.03 000.03 000.03 000.04 000.05 000.07 000.09 000.12 000.16 000.22 000.30 000.41 000.57 000.78 001.06 001.43 001.91 002.49 003.15 003.90 004.74 005.67 006.71 007.88 009.20 010.69 012.37 014.27 016.42 018.86 021.61 024.70 028.14 031.90 035.95 040.13 044.24 047.96 050.99 053.29 054.95 056.10 056.85 057.26 057.40 057.26 056.84 056.10 054.94 053.28 050.97 047.93 044.20 040.07 035.86 031.79 028.00 024.53 021.40 018.61 016.12 013.91 011.95 010.20 008.64 007.24 005.97 004.81 003.75 002.75 001.80 000.89 000.00 
000.00 000.01 000.02 000.03 000.04 000.04 000.05 000.05 000.05 000.05 000.05 000.05 000.04 000.04 000.04 000.03 000.03 000.03 000.03 000.03 000.03 000.03 000.03 000.04 000.06 000.08 000.10 000.14 000.19 000.26 000.37 000.51 000.72 001.01 001.43 001.99 002.66 003.44 004.30 005.25 006.31 007.49 008.81 010.29 011.96 013.86 016.01 018.47 021.26 024.44 028.06 032.14 036.71 041.73 047.09 052.48 057.34 061.03 063.61 065.35 066.50 067.21 067.61 067.73 067.61 067.21 066.49 065.34 063.59 061.01 057.31 052.43 047.03 041.64 036.59 031.98 027.86 024.21 020.98 018.13 015.62 013.40 011.43 009.67 008.10 006.68 005.38 004.19 003.07 002.02 001.00 000.00 
000.00 000.01 000.02 000.03 000.04 000.04 000.05 000.05 000.05 000.05 000.05 000.05 000.05 000.04 000.04 000.04 000.03 000.03 000.02 000.02 000.02 000.02 000.03 000.03 000.04 000.06 000.08 000.10 000.14 000.20 000.28 000.39 000.57 000.84 001.27 001.94 002.74 003.63 004.60 005.66 006.83 008.12 009.56 011.18 013.01 015.09 017.46 020.17 023.27 026.84 030.94 035.65 041.05 047.19 054.02 061.24 067.90 072.17 074.76 076.35 077.32 077.91 078.22 078.32 078.22 077.91 077.32 076.34 074.75 072.15 067.87 061.19 053.95 047.09 040.92 035.48 030.73 026.58 022.97 019.81 017.03 014.59 012.44 010.52 008.80 007.26 005.85 004.55 003.34 002.19 001.08 000.00 
000.00 000.01 000.02 000.03 000.04 000.04 000.05 000.05 000.05 000.05 000.05 000.05 000.05 000.04 000.04 000.03 000.03 000.03 000.02 000.02 000.01 000.01 000.01 000.02 000.02 000.03 000.04 000.05 000.08 000.11 000.15 000.22 000.32 000.51 000.88 001.75 002.72 003.74 004.82 005.97 007.22 008.60 010.13 011.86 013.81 016.03 018.56 021.47 024.82 028.70 033.21 038.47 044.66 051.96 060.57 070.55 080.86 084.99 086.93 087.95 088.54 088.87 089.05 089.10 089.05 088.87 088.53 087.95 086.92 084.98 080.84 070.50 060.50 051.85 044.52 038.29 032.98 028.43 024.50 021.09 018.11 015.50 013.20 011.16 009.34 007.70 006.20 004.82 003.54 002.32 001.15 000.00 
000.00 000.01 000.02 000.03 000.04 000.04 000.05 000.05 000.05 000.05 000.05 000.05 000.04 000.04 000.04 000.03 000.03 000.02 000.02 000.01 000.00 000.00 000.00 000.00 000.00 000.00 000.00 000.00 000.00 000.00 000.00 000.00 000.00 000.00 000.00 001.45 002.66 003.80 004.95 006.17 007.48 008.91 010.51 012.31 014.34 016.65 019.29 022.33 025.84 029.93 034.72 040.37 047.14 055.40 065.77 079.51 100.00 100.00 100.00 100.00 100.00 100.00 100.00 100.00 100.00 100.00 100.00 100.00 100.00 100.00 100.00 079.48 065.70 055.30 047.00 040.19 034.48 029.65 025.51 021.93 018.82 016.10 013.71 011.59 009.69 007.99 006.44 005.01 003.67 002.41 001.19 000.00 
000.00 000.01 000.02 000.03 000.04 000.04 000.05 000.05 000.05 000.05 000.05 000.05 000.04 000.04 000.04 000.03 000.03 000.02 000.02 000.01 000.00 000.00 000.00 000.00 000.00 000.00 000.00 000.00 000.00 000.00 000.00 000.00 000.00 000.00 000.00 001.40 002.66 003.84 005.03 006.27 007.60 009.06 010.69 012.52 014.58 016.93 019.62 022.71 026.29 030.46 035.35 041.16 048.15 056.74 067.60 081.73 100.00 100.00 100.00 100.00 100.00 100.00 100.00 100.00 100.00 100.00 100.00 100.00 100.00 100.00 100.00 081.69 067.53 056.63 048.00 040.97 035.12 030.17 025.95 022.31 019.14 016.38 013.94 011.79 009.86 008.13 006.55 005.09 003.74 002.45 001.21 000.00 
000.00 000.01 000.02 000.03 000.03 000.04 000.04 000.04 000.05 000.05 000.04 000.04 000.04 000.04 000.04 000.03 000.03 000.02 000.02 000.01 000.00 000.00 000.00 000.00 000.00 000.00 000.00 000.00 000.00 000.00 000.00 000.00 000.00 000.00 000.00 001.49 002.72 003.88 005.04 006.27 007.60 009.05 010.67 012.48 014.54 016.87 019.54 022.61 026.15 030.26 035.07 040.76 047.55 055.81 066.16 079.81 100.00 100.00 100.00 100.00 100.00 100.00 100.00 100.00 100.00 100.00 100.00 100.00 100.00 100.00 100.00 079.77 066.09 055.70 047.40 040.56 034.84 029.97 025.81 022.20 019.07 016.32 013.90 011.75 009.84 008.11 006.53 005.08 003.73 002.45 001.21 000.00 
000.00 000.01 000.02 000.03 000.03 000.04 000.04 000.04 000.04 000.04 000.04 000.04 000.04 000.04 000.03 000.03 000.03 000.03 000.02 000.02 000.01 000.02 000.02 000.02 000.03 000.04 000.05 000.07 000.09 000.13 000.18 000.25 000.37 000.57 000.95 001.85 002.85 003.90 005.00 006.18 007.46 008.87 010.45 012.21 014.21 016.48 019.07 022.03 025.43 029.37 033.93 039.24 045.47 052.80 061.42 071.35 081.58 085.69 087.63 088.67 089.26 089.61 089.79 089.85 089.79 089.61 089.26 088.66 087.62 085.67 081.55 071.30 061.34 052.69 045.32 039.05 033.69 029.08 025.10 021.63 018.60 015.93 013.58 011.49 009.62 007.93 006.40 004.98 003.65 002.40 001.19 000.00 
000.00 000.01 000.02 000.02 000.03 000.03 000.04 000.04 000.04 000.04 000.04 000.04 000.04 000.03 000.03 000.03 000.03 000.03 000.03 000.02 000.03 000.03 000.04 000.04 000.06 000.08 000.10 000.13 000.18 000.24 000.33 000.46 000.65 000.94 001.40 002.09 002.93 003.86 004.87 005.97 007.19 008.53 010.03 011.71 013.61 015.76 018.21 021.00 024.19 027.84 032.03 036.82 042.29 048.49 055.37 062.60 069.26 073.55 076.17 077.78 078.78 079.38 079.71 079.81 079.70 079.38 078.77 077.77 076.15 073.52 069.23 062.54 055.28 048.38 042.15 036.63 031.80 027.57 023.86 020.62 017.76 015.24 013.00 011.01 009.22 007.61 006.14 004.78 003.51 002.30 001.14 000.00 
000.00 000.01 000.01 000.02 000.03 000.03 000.03 000.03 000.03 000.03 000.03 000.03 000.03 000.03 000.03 000.03 000.03 000.03 000.03 000.03 000.03 000.04 000.05 000.06 000.08 000.10 000.14 000.18 000.25 000.33 000.45 000.61 000.84 001.16 001.60 002.20 002.92 003.74 004.65 005.66 006.78 008.03 009.43 010.99 012.76 014.75 017.01 019.58 022.49 025.79 029.51 033.71 038.39 043.51 048.96 054.41 059.33 063.07 065.71 067.50 068.68 069.43 069.84 069.97 069.84 069.43 068.68 067.48 065.69 063.04 059.29 054.35 048.87 043.40 038.25 033.53 029.30 025.52 022.18 019.21 016.58 014.25 012.18 010.32 008.65 007.14 005.76 004.49 003.30 002.16 001.07 000.00 
000.00 000.01 000.01 000.02 000.02 000.03 000.03 000.03 000.03 000.03 000.03 000.03 000.03 000.03 000.03 000.03 000.03 000.03 000.03 000.03 000.04 000.05 000.06 000.07 000.09 000.12 000.16 000.22 000.29 000.38 000.51 000.69 000.92 001.24 001.65 002.17 002.80 003.52 004.33 005.24 006.25 007.38 008.65 010.07 011.67 013.48 015.51 017.81 020.39 023.30 026.54 030.12 034.04 038.22 042.53 046.76 050.58 053.70 056.09 057.82 059.03 059.82 060.26 060.40 060.26 059.81 059.02 057.81 056.07 053.67 050.53 046.70 042.45 038.11 033.90 029.96 026.33 023.05 020.11 017.47 015.11 013.01 011.13 009.45 007.93 006.55 005.29 004.12 003.02 001.99 000.98 000.00 
000.00 000.01 000.01 000.02 000.02 000.02 000.02 000.02 000.03 000.03 000.03 000.03 000.03 000.02 000.02 000.02 000.03 000.03 000.03 000.03 000.04 000.05 000.06 000.08 000.10 000.13 000.18 000.23 000.31 000.40 000.53 000.71 000.93 001.22 001.59 002.05 002.58 003.21 003.91 004.71 005.60 006.60 007.72 008.97 010.38 011.97 013.75 015.75 017.98 020.47 023.21 026.20 029.42 032.79 036.20 039.51 042.52 045.08 047.12 048.68 049.80 050.55 050.98 051.12 050.98 050.54 049.79 048.66 047.10 045.04 042.48 039.45 036.13 032.69 029.30 026.05 023.03 020.25 017.72 015.44 013.39 011.55 009.90 008.41 007.06 005.84 004.71 003.67 002.70 001.77 000.88 000.00 
000.00 000.00 000.01 000.01 000.01 000.02 000.02 000.02 000.02 000.02 000.02 000.02 000.02 000.02 000.02 000.02 000.02 000.02 000.03 000.03 000.04 000.05 000.06 000.08 000.10 000.13 000.17 000.23 000.30 000.39 000.51 000.67 000.87 001.13 001.45 001.83 002.29 002.81 003.41 004.08 004.84 005.69 006.65 007.72 008.92 010.26 011.77 013.45 015.32 017.38 019.63 022.07 024.64 027.31 029.98 032.56 034.91 036.96 038.64 039.96 040.94 041.60 041.99 042.12 041.99 041.60 040.93 039.95 038.62 036.93 034.87 032.50 029.92 027.22 024.54 021.94 019.48 017.19 015.09 013.19 011.46 009.90 008.49 007.22 006.07 005.02 004.06 003.16 002.32 001.53 000.76 000.00 
000.00 000.00 000.01 000.01 000.01 000.01 000.01 000.02 000.02 000.02 000.02 000.02 000.02 000.02 000.02 000.02 000.02 000.02 000.02 000.03 000.03 000.04 000.05 000.07 000.09 000.12 000.16 000.20 000.27 000.35 000.46 000.59 000.76 000.98 001.24 001.55 001.91 002.34 002.82 003.37 003.99 004.68 005.46 006.33 007.31 008.40 009.62 010.97 012.46 014.10 015.88 017.78 019.78 021.83 023.86 025.82 027.62 029.20 030.53 031.59 032.38 032.94 033.26 033.37 033.26 032.93 032.38 031.57 030.51 029.18 027.59 025.78 023.81 021.75 019.69 017.67 015.75 013.95 012.28 010.75 009.36 008.10 006.95 005.92 004.98 004.12 003.33 002.60 001.91 001.25 000.62 000.00 
000.00 000.00 000.00 000.01 000.01 000.01 000.01 000.01 000.01 000.01 000.01 000.01 000.01 000.01 000.01 000.01 000.01 000.02 000.02 000.02 000.03 000.04 000.04 000.06 000.08 000.10 000.13 000.17 000.22 000.28 000.37 000.47 000.61 000.77 000.97 001.21 001.49 001.81 002.17 002.59 003.06 003.59 004.18 004.84 005.58 006.41 007.33 008.34 009.46 010.69 012.00 013.40 014.86 016.35 017.83 019.24 020.55 021.70 022.68 023.47 024.08 024.50 024.75 024.83 024.75 024.50 024.07 023.46 022.67 021.68 020.52 019.21 017.78 016.30 014.79 013.32 011.90 010.56 009.32 008.17 007.13 006.17 005.31 004.52 003.80 003.15 002.55 001.99 001.46 000.96 000.48 000.00 
000.00 000.00 000.00 000.00 000.01 000.01 000.01 000.01 000.01 000.01 000.01 000.01 000.01 000.01 000.01 000.01 000.01 000.01 000.01 000.02 000.02 000.02 000.03 000.04 000.05 000.07 000.09 000.12 000.15 000.20 000.26 000.33 000.42 000.53 000.67 000.83 001.01 001.23 001.48 001.76 002.07 002.43 002.82 003.27 003.77 004.32 004.94 005.62 006.36 007.17 008.04 008.96 009.92 010.89 011.85 012.77 013.62 014.38 015.02 015.55 015.95 016.24 016.41 016.46 016.40 016.23 015.95 015.54 015.01 014.36 013.60 012.75 011.82 010.85 009.87 008.91 007.97 007.09 006.27 005.50 004.80 004.16 003.58 003.05 002.57 002.13 001.72 001.34 000.99 000.65 000.32 000.00 
000.00 000.00 000.00 000.00 000.00 000.00 000.00 000.00 000.00 000.00 000.00 000.00 000.00 000.00 000.00 000.00 000.01 000.01 000.01 000.01 000.01 000.01 000.02 000.02 000.03 000.04 000.05 000.06 000.08 000.10 000.13 000.17 000.22 000.27 000.34 000.42 000.51 000.62 000.75 000.89 001.05 001.22 001.42 001.65 001.90 002.18 002.48 002.82 003.20 003.60 004.03 004.49 004.96 005.44 005.92 006.37 006.79 007.16 007.48 007.74 007.95 008.09 008.17 008.20 008.17 008.09 007.94 007.74 007.48 007.15 006.78 006.36 005.90 005.42 004.94 004.46 004.00 003.56 003.15 002.77 002.42 002.10 001.80 001.54 001.30 001.07 000.87 000.68 000.50 000.33 000.16 000.00 
000.00 000.00 000.00 000.00 000.00 000.00 000.00 000.00 000.00 000.00 000.00 000.00 000.00 000.00 000.00 000.00 000.00 000.00 000.00 000.00 000.00 000.00 000.00 000.00 000.00 000.00 000.00 000.00 000.00 000.00 000.00 000.00 000.00 000.00 000.00 000.00 000.00 000.00 000.00 000.00 000.00 000.00 000.00 000.00 000.00 000.00 000.00 000.00 000.00 000.00 000.00 000.00 000.00 000.00 000.00 000.00 000.00 000.00 000.00 000.00 000.00 000.00 000.00 000.00 000.00 000.00 000.00 000.00 000.00 000.00 000.00 000.00 000.00 000.00 000.00 000.00 000.00 000.00 000.00 000.00 000.00 000.00 000.00 000.00 000.00 000.00 000.00 000.00 000.00 000.00 000.00 000.00 
